17.4939
20.9492
20.9492
25.0952
25.5915
26.546
33.7321
38.8648
38.8648
37.7568
47.8064
59.7124
59.7124
59.5992
59.075
65.491
77.997
71.581
71.1111
79.5271
91.5571
91.5571
79.7932
79.7932
86.0707
87.15
87.15
87.15
87.15
81.9224
87.4088
93.0313
93.0313
93.0313
93.0313
93.0313
101.929
96.307
83.843
82.7684
74.7864
79.0862
77.7463
77.7463
76.3874
80.4374
80.4374
79.1845
84.9242
82.7439
82.7439
82.7439
74.7179
82.6999
78.9976
74.4895
70.1897
74.3768
77.7988
77.7988
87.3488
88.8208
88.8208
85.8788
85.8788
85.8788
85.7303
86.9388
86.9388
86.9388
86.7668
89.9496
86.3896
85.2816
80.6728
81.9256
81.9256
81.9256
91.9436
98.3918
98.3918
98.3918
98.3918
98.3918
98.3918
91.1119
91.1119
91.6275
91.7095
80.4787
79.6316
80.1695
75.6485
78.8591
72.7651
67.2835
67.2835
68.3778
71.7232
69.2372
68.9538
e=e
t=t
a=a
o=o
i=h
n=r
s=n
h=s
r=i
d=d
l=l
c=u
u=w
m=m
w=g
f=y
g=f
y=c
p=b
b=p
v=k
k=v
j=x
x=q
q=j
z=z
